0 0.967969 0.514352 0.0640625 0.347222
0 0.157031 0.76713 0.170312 0.184259
0 0.782812 0.135185 0.10625 0.27037
0 0.484375 0.102778 0.133333 0.205556
0 0.155469 0.209722 0.140104 0.328704
0 0.122656 0.510648 0.0984375 0.325
0 0.389583 0.1125 0.125 0.225
0 0.734635 0.880093 0.202604 0.169444
0 0.820312 0.340278 0.146875 0.326852
0 0.957031 0.651852 0.0828125 0.285185
0 0.920313 0.778241 0.13125 0.147222
0 0.929688 0.171759 0.115625 0.25463
0 0.928125 0.370833 0.134375 0.191667
0 0.560938 0.605093 0.185417 0.373148
0 0.524219 0.856019 0.238021 0.215741
0 0.338542 0.742593 0.191667 0.327778
0 0.903646 0.897222 0.134375 0.131481
0 0.464323 0.375926 0.206771 0.281481
0 0.589844 0.133796 0.183854 0.258333
