0 0.309115 0.0587963 0.0755208 0.115741
0 0.372135 0.0912037 0.107813 0.182407
0 0.126823 0.56713 0.105729 0.275
0 0.907812 0.682407 0.155208 0.227778
0 0.177604 0.337963 0.0802083 0.335185
0 0.432552 0.151852 0.119271 0.303704
0 0.413802 0.654167 0.168229 0.356481
0 0.910937 0.845833 0.153125 0.212037
0 0.291406 0.369907 0.159896 0.326852
0 0.514063 0.225463 0.0885417 0.375
0 0.242969 0.156019 0.118229 0.280556
0 0.914062 0.431944 0.109375 0.336111
0 0.155469 0.719444 0.152604 0.22963
0 0.813281 0.286111 0.182812 0.261111
0 0.757292 0.861111 0.1875 0.237037
0 0.301562 0.743056 0.190625 0.247222
0 0.371094 0.432407 0.192188 0.32037
0 0.608594 0.154167 0.158854 0.306481
0 0.123177 0.314815 0.0828125 0.318519
