0 0.627865 0.0699074 0.0984375 0.139815
0 0.77526 0.0819444 0.120312 0.163889
0 0.323958 0.0962963 0.1125 0.192593
0 0.944531 0.706944 0.0953125 0.293519
0 0.931771 0.11713 0.096875 0.230556
0 0.233594 0.7625 0.174479 0.34537
0 0.889844 0.876852 0.173438 0.161111
0 0.654167 0.890278 0.2125 0.165741
0 0.138542 0.262963 0.123958 0.325926
0 0.508854 0.148148 0.109375 0.296296
0 0.119271 0.667593 0.115625 0.261111
0 0.753646 0.659722 0.217708 0.282407
0 0.589844 0.484722 0.150521 0.400926
0 0.132031 0.481481 0.138021 0.288889
0 0.426562 0.828241 0.228125 0.228704
0 0.814062 0.430093 0.198958 0.265741
0 0.675521 0.343056 0.111458 0.386111
0 0.73724 0.80787 0.203646 0.167593
0 0.31224 0.632407 0.183854 0.32037
