0 0.182292 0.0736111 0.0864583 0.147222
0 0.956771 0.244907 0.0864583 0.271296
0 0.151823 0.233333 0.133854 0.244444
0 0.120312 0.483796 0.0947917 0.300926
0 0.957031 0.482407 0.0796875 0.266667
0 0.404687 0.25 0.119792 0.383333
0 0.358854 0.79537 0.186458 0.314815
0 0.291667 0.110648 0.14375 0.221296
0 0.159375 0.73287 0.170833 0.249074
0 0.692448 0.799074 0.207813 0.357407
0 0.883333 0.735185 0.15625 0.292593
0 0.203385 0.398148 0.133854 0.281481
0 0.498177 0.270833 0.176563 0.34537
0 0.454688 0.0777778 0.215625 0.155556
0 0.289323 0.484259 0.176563 0.233333
0 0.86849 0.523611 0.178646 0.230556
0 0.634115 0.124074 0.191146 0.248148
