0 0.222135 0.0708333 0.130729 0.141667
0 0.367448 0.0819444 0.119271 0.163889
0 0.780729 0.0560185 0.179167 0.112037
0 0.851823 0.814815 0.142188 0.285185
0 0.739583 0.789352 0.15 0.325
0 0.939062 0.120833 0.0927083 0.241667
0 0.234115 0.714815 0.113021 0.348148
0 0.130208 0.239352 0.105208 0.289815
0 0.386198 0.363889 0.134896 0.383333
0 0.154167 0.780093 0.154167 0.186111
0 0.885938 0.369907 0.126042 0.417593
0 0.416146 0.723148 0.2125 0.253704
0 0.94375 0.642593 0.0958333 0.374074
0 0.457812 0.165278 0.0979167 0.330556
0 0.149219 0.554167 0.156771 0.262037
0 0.545313 0.290278 0.165625 0.378704
0 0.165625 0.318056 0.110417 0.330556
0 0.765365 0.174074 0.203646 0.214815
0 0.654427 0.888889 0.213021 0.218519
0 0.682292 0.358333 0.202083 0.387037
0 0.386458 0.835648 0.25 0.213889
