0 0.624479 0.943056 0.153125 0.113889
0 0.9375 0.776852 0.115625 0.4
0 0.316406 0.893519 0.147396 0.211111
0 0.967969 0.292593 0.0640625 0.27963
0 0.134896 0.614352 0.140625 0.225
0 0.09375 0.864815 0.147917 0.214815
0 0.764323 0.726852 0.186979 0.42037
0 0.879687 0.7875 0.096875 0.419444
0 0.54375 0.771296 0.254167 0.416667
0 0.844792 0.249537 0.1 0.330556
0 0.59375 0.316667 0.170833 0.433333
0 0.222917 0.234722 0.0895833 0.325
0 0.913021 0.250926 0.084375 0.327778
0 0.652344 0.173611 0.210938 0.286111
0 0.236979 0.566204 0.120833 0.408333
0 0.445833 0.5375 0.277083 0.356481
0 0.731771 0.381019 0.153125 0.380556
0 0.142188 0.256481 0.107292 0.301852
0 0.763542 0.109259 0.210417 0.17037
0 0.338021 0.170833 0.188542 0.336111
0 0.0908854 0.490278 0.115104 0.363889
0 0.452083 0.2 0.159375 0.355556
