0 0.445573 0.0425926 0.184896 0.0851852
0 0.95625 0.8 0.06875 0.253704
0 0.945833 0.0921296 0.108333 0.184259
0 0.9625 0.66713 0.075 0.306481
0 0.963281 0.404167 0.0640625 0.306481
0 0.108594 0.499537 0.0661458 0.278704
0 0.932813 0.297685 0.071875 0.273148
0 0.147656 0.388889 0.101562 0.2
0 0.764063 0.229167 0.111458 0.363889
0 0.210156 0.457407 0.0921875 0.3
0 0.482292 0.322685 0.2125 0.319444
0 0.128646 0.633333 0.0864583 0.27037
0 0.183854 0.233796 0.165625 0.215741
0 0.676562 0.849074 0.223958 0.261111
0 0.638802 0.0851852 0.192188 0.17037
0 0.869792 0.789815 0.16875 0.233333
0 0.31875 0.58287 0.161458 0.347222
0 0.188281 0.794907 0.169271 0.175
0 0.491406 0.875463 0.224479 0.219444
0 0.254167 0.703241 0.172917 0.213889
