0 0.244792 0.49537 0.172917 0.164815
0 0.11875 0.606019 0.108333 0.362037
0 0.947396 0.263889 0.096875 0.27963
0 0.513802 0.162037 0.0828125 0.324074
0 0.591406 0.61713 0.271354 0.197222
0 0.95625 0.5625 0.084375 0.326852
0 0.147917 0.30463 0.119792 0.305556
0 0.565885 0.755093 0.235938 0.20463
0 0.86875 0.501852 0.175 0.272222
0 0.771094 0.0981481 0.184896 0.196296
0 0.277344 0.143519 0.189063 0.277778
0 0.624479 0.0958333 0.18125 0.191667
0 0.631771 0.476389 0.261458 0.217593
0 0.883854 0.831944 0.190625 0.223148
0 0.371354 0.356019 0.223958 0.25463
0 0.264323 0.604167 0.185937 0.206481
0 0.286458 0.787963 0.20625 0.238889
