0 0.416406 0.0541667 0.200521 0.108333
0 0.666927 0.0837963 0.144271 0.167593
0 0.946875 0.767593 0.0979167 0.335185
0 0.761458 0.0912037 0.145833 0.182407
0 0.458333 0.862037 0.215625 0.22037
0 0.551302 0.140278 0.219271 0.217593
0 0.94375 0.4375 0.1125 0.373148
0 0.157552 0.114815 0.105729 0.22963
0 0.264583 0.12037 0.113542 0.240741
0 0.741667 0.793981 0.1375 0.29537
0 0.290625 0.768056 0.185417 0.282407
0 0.150521 0.7375 0.161458 0.25463
0 0.167448 0.387963 0.152604 0.32037
0 0.667969 0.785648 0.160938 0.336111
0 0.659115 0.494444 0.203646 0.303704
0 0.848177 0.819444 0.132812 0.277778
0 0.58724 0.834722 0.182812 0.276852
0 0.483854 0.648611 0.194792 0.382407
