0 0.165365 0.0810185 0.114063 0.162037
0 0.421615 0.0486111 0.173438 0.0916667
0 0.933333 0.102315 0.1 0.20463
0 0.360417 0.172685 0.110417 0.297222
0 0.647917 0.0847222 0.2375 0.169444
0 0.696875 0.593518 0.184375 0.316667
0 0.952083 0.482407 0.09375 0.337037
0 0.388542 0.591667 0.15625 0.390741
0 0.56276 0.893519 0.221354 0.127778
0 0.910156 0.769907 0.107813 0.330556
0 0.567708 0.762037 0.233333 0.190741
0 0.739323 0.798148 0.193229 0.211111
0 0.26875 0.409259 0.14375 0.311111
0 0.13151 0.680093 0.125521 0.263889
0 0.253125 0.199537 0.157292 0.323148
0 0.5375 0.372222 0.192708 0.37963
0 0.246875 0.743981 0.182292 0.30463
0 0.41849 0.261111 0.157813 0.264815
0 0.877344 0.6375 0.145313 0.384259
