0 0.955469 0.769444 0.0734375 0.285185
0 0.948438 0.321296 0.101042 0.381481
0 0.230729 0.144444 0.145833 0.277778
0 0.36276 0.516204 0.201562 0.375
0 0.741146 0.839815 0.173958 0.311111
0 0.238802 0.782407 0.191146 0.253704
0 0.840625 0.828241 0.171875 0.239815
0 0.120312 0.663889 0.108333 0.331481
0 0.738802 0.601389 0.225521 0.184259
0 0.885938 0.597685 0.1 0.389815
0 0.368229 0.745833 0.244792 0.225
0 0.509635 0.152778 0.115104 0.305556
0 0.125521 0.369907 0.107292 0.337963
0 0.561979 0.824537 0.221875 0.310185
0 0.281771 0.231481 0.157292 0.288889
0 0.703646 0.199537 0.205208 0.306481
0 0.736719 0.434722 0.248437 0.247222
