0 0.909375 0.0833333 0.09375 0.166667
0 0.458333 0.0800926 0.23125 0.160185
0 0.1125 0.583333 0.0947917 0.32963
0 0.844792 0.768519 0.191667 0.264815
0 0.147656 0.152778 0.117188 0.283333
0 0.16276 0.787963 0.176563 0.183333
0 0.919531 0.338426 0.145313 0.263889
0 0.146615 0.421759 0.138021 0.300926
0 0.804948 0.288426 0.146354 0.400926
0 0.522656 0.229167 0.258854 0.236111
0 0.896875 0.884259 0.175 0.188889
0 0.276042 0.156019 0.153125 0.241667
0 0.28125 0.316204 0.208333 0.239815
0 0.694531 0.683333 0.189063 0.32963
0 0.538542 0.87037 0.196875 0.244444
0 0.295312 0.8 0.15625 0.248148
0 0.691667 0.887037 0.214583 0.188889
0 0.388542 0.72037 0.13125 0.385185
