0 0.284896 0.0736111 0.0833333 0.147222
0 0.7375 0.0689815 0.127083 0.137963
0 0.351302 0.110185 0.0901042 0.22037
0 0.905208 0.687963 0.15 0.242593
0 0.9125 0.417593 0.06875 0.331481
0 0.128646 0.561111 0.107292 0.281481
0 0.289062 0.387037 0.179167 0.346296
0 0.752865 0.843982 0.200521 0.260185
0 0.136198 0.303704 0.124479 0.351852
0 0.434896 0.176852 0.126042 0.353704
0 0.959375 0.381481 0.059375 0.35
0 0.520833 0.227315 0.09375 0.358333
0 0.607292 0.161574 0.135417 0.313889
0 0.157813 0.722685 0.159375 0.228704
0 0.909375 0.847685 0.152083 0.232407
0 0.308594 0.726852 0.211979 0.257407
0 0.573438 0.876852 0.220833 0.205556
0 0.808854 0.290741 0.171875 0.292593
