0 0.938281 0.0967593 0.0921875 0.178704
0 0.870313 0.883333 0.159375 0.155556
0 0.954167 0.269444 0.0875 0.283333
0 0.911719 0.776852 0.154687 0.198148
0 0.161458 0.15463 0.135417 0.298148
0 0.367448 0.43287 0.180729 0.400926
0 0.110156 0.632407 0.0848958 0.337037
0 0.648958 0.117593 0.179167 0.235185
0 0.817187 0.297222 0.134375 0.375926
0 0.230469 0.802315 0.185937 0.152778
0 0.220052 0.625463 0.149479 0.286111
0 0.502083 0.695833 0.114583 0.40463
0 0.750781 0.823148 0.120312 0.309259
0 0.504167 0.122222 0.152083 0.244444
0 0.630729 0.875 0.209375 0.183333
0 0.715625 0.140278 0.183333 0.241667
0 0.377604 0.80787 0.211458 0.276852
