0 0.165365 0.0828704 0.106771 0.165741
0 0.896875 0.0833333 0.0875 0.166667
0 0.510677 0.135185 0.106771 0.27037
0 0.919531 0.77963 0.114063 0.333333
0 0.952083 0.480556 0.09375 0.32963
0 0.601562 0.843056 0.219792 0.191667
0 0.148177 0.6875 0.155729 0.260185
0 0.120052 0.392593 0.0953125 0.359259
0 0.745833 0.713889 0.202083 0.216667
0 0.703906 0.566667 0.189063 0.251852
0 0.39349 0.194444 0.124479 0.362963
0 0.419531 0.734722 0.136979 0.402778
0 0.257292 0.206944 0.16875 0.310185
0 0.535156 0.380556 0.197396 0.362963
0 0.278646 0.410648 0.160417 0.29537
0 0.879687 0.640741 0.140625 0.381481
0 0.552865 0.652778 0.164062 0.342593
0 0.368229 0.52037 0.176042 0.244444
