0 0.183073 0.0796296 0.0901042 0.159259
0 0.123438 0.485648 0.096875 0.306481
0 0.958594 0.250926 0.0734375 0.311111
0 0.361458 0.778241 0.189583 0.330556
0 0.958594 0.505556 0.0734375 0.303704
0 0.539583 0.881019 0.21875 0.187963
0 0.406771 0.241204 0.117708 0.402778
0 0.282292 0.475926 0.201042 0.244444
0 0.604688 0.125926 0.136458 0.251852
0 0.69375 0.798148 0.19375 0.344444
0 0.159115 0.732407 0.169271 0.246296
0 0.755208 0.325926 0.195833 0.209259
0 0.188021 0.296759 0.117708 0.334259
0 0.867448 0.523148 0.174479 0.216667
0 0.301823 0.104167 0.150521 0.208333
0 0.511458 0.274074 0.183333 0.37037
0 0.865885 0.711111 0.189063 0.22037
