0 0.928125 0.0814815 0.084375 0.162963
0 0.451302 0.0740741 0.0880208 0.148148
0 0.520573 0.150463 0.0817708 0.300926
0 0.245312 0.486111 0.173958 0.181481
0 0.947396 0.264815 0.096875 0.281481
0 0.117188 0.600926 0.110417 0.357407
0 0.957812 0.563889 0.084375 0.331481
0 0.771875 0.0986111 0.184375 0.197222
0 0.591406 0.612963 0.255729 0.17037
0 0.276823 0.146296 0.189063 0.27963
0 0.565625 0.757407 0.24375 0.207407
0 0.147917 0.303241 0.122917 0.297222
0 0.884375 0.837963 0.19375 0.216667
0 0.628125 0.0962963 0.175 0.192593
0 0.870313 0.500926 0.176042 0.272222
0 0.265885 0.60463 0.178646 0.2
0 0.632031 0.478241 0.260938 0.215741
0 0.372396 0.354167 0.221875 0.250926
0 0.284375 0.787963 0.205208 0.25
