0 0.983333 0.485185 0.0333333 0.255556
0 0.934375 0.77037 0.10625 0.4
0 0.867188 0.7875 0.111458 0.425
0 0.0940104 0.868056 0.144271 0.236111
0 0.372396 0.574074 0.134375 0.47037
0 0.702083 0.0819444 0.227083 0.162037
0 0.234375 0.241204 0.121875 0.332407
0 0.54401 0.777778 0.239063 0.387037
0 0.900521 0.258333 0.103125 0.305556
0 0.79401 0.187963 0.205729 0.175926
0 0.142708 0.249074 0.109375 0.292593
0 0.336458 0.169444 0.189583 0.331481
0 0.721094 0.402778 0.185937 0.333333
0 0.0880208 0.479167 0.123958 0.321296
0 0.594271 0.243519 0.159375 0.383333
0 0.455469 0.168056 0.148438 0.319444
0 0.71849 0.71713 0.194271 0.415741
0 0.273177 0.639815 0.155729 0.438889
0 0.809375 0.541667 0.1125 0.425926
0 0.1375 0.60463 0.195833 0.246296
0 0.489062 0.429167 0.25 0.321296
