0 0.764063 0.163426 0.13125 0.326852
0 0.87526 0.862963 0.171354 0.177778
0 0.375781 0.146296 0.122396 0.292593
0 0.523438 0.308333 0.227083 0.287037
0 0.5375 0.876389 0.260417 0.130556
0 0.157552 0.473611 0.133854 0.35463
0 0.184375 0.769444 0.18125 0.192593
0 0.95625 0.297685 0.0833333 0.310185
0 0.269271 0.178241 0.1375 0.282407
0 0.507552 0.130556 0.0953125 0.261111
0 0.857813 0.713426 0.182292 0.187963
0 0.509635 0.719444 0.251563 0.231481
0 0.623438 0.11713 0.161458 0.234259
0 0.728385 0.72037 0.146354 0.394444
0 0.565625 0.506019 0.244792 0.300926
