0 0.445312 0.0638889 0.117708 0.127778
0 0.953125 0.131944 0.0791667 0.25463
0 0.220833 0.0666667 0.0770833 0.133333
0 0.66875 0.0657407 0.179167 0.114815
0 0.903125 0.0824074 0.0854167 0.164815
0 0.153646 0.146296 0.109375 0.281481
0 0.1125 0.583796 0.0916667 0.337963
0 0.159896 0.786111 0.16875 0.201852
0 0.841667 0.774537 0.204167 0.247222
0 0.804948 0.288889 0.148438 0.388889
0 0.307292 0.112037 0.1375 0.224074
0 0.899219 0.880556 0.173438 0.183333
0 0.146875 0.425 0.13125 0.301852
0 0.921094 0.328704 0.142188 0.242593
0 0.388802 0.732407 0.127604 0.398148
0 0.261979 0.320833 0.18125 0.221296
0 0.291927 0.795833 0.163021 0.243519
0 0.561979 0.874074 0.228125 0.237037
0 0.369792 0.276389 0.130208 0.343519
0 0.692187 0.71713 0.201042 0.40463
0 0.886979 0.527778 0.165625 0.227778
0 0.534375 0.204167 0.24375 0.225
