0 0.569531 0.131944 0.0911458 0.263889
0 0.156771 0.748148 0.167708 0.255556
0 0.698177 0.488426 0.211979 0.334259
0 0.946354 0.513889 0.090625 0.37963
0 0.403906 0.871296 0.246354 0.227778
0 0.196354 0.1625 0.153125 0.213889
0 0.834896 0.298148 0.115625 0.374074
0 0.596354 0.822222 0.196875 0.281481
0 0.690104 0.888889 0.203125 0.192593
0 0.229427 0.413889 0.135937 0.322222
0 0.770312 0.705093 0.207292 0.215741
0 0.869531 0.881944 0.195312 0.186111
0 0.248177 0.637963 0.188021 0.272222
0 0.139583 0.562963 0.165625 0.17963
0 0.817187 0.572685 0.209375 0.180556
