0 0.777344 0.0537037 0.167187 0.107407
0 0.941406 0.128704 0.0953125 0.255556
0 0.236979 0.714352 0.108333 0.325
0 0.475781 0.147685 0.0932292 0.29537
0 0.950781 0.643056 0.0921875 0.393519
0 0.738281 0.782407 0.151562 0.35
0 0.642969 0.122685 0.113021 0.239815
0 0.836719 0.388426 0.135937 0.386111
0 0.388542 0.357407 0.13125 0.405556
0 0.417708 0.723148 0.2 0.266667
0 0.851302 0.813889 0.144271 0.296296
0 0.154687 0.780556 0.155208 0.177778
0 0.278385 0.1875 0.192188 0.256481
0 0.388802 0.847222 0.243229 0.224074
0 0.160417 0.323611 0.110417 0.300926
0 0.15 0.556019 0.15625 0.271296
0 0.658594 0.888889 0.219271 0.214815
0 0.549219 0.286111 0.155729 0.364815
0 0.134375 0.224074 0.102083 0.296296
0 0.776042 0.166667 0.182292 0.240741
