0 0.423438 0.0597222 0.161458 0.119444
0 0.942187 0.426852 0.10625 0.322222
0 0.598177 0.118519 0.0953125 0.237037
0 0.55026 0.15463 0.108854 0.283333
0 0.670313 0.104167 0.138542 0.208333
0 0.910417 0.759722 0.0875 0.371296
0 0.15651 0.762963 0.159896 0.194444
0 0.258073 0.687963 0.152604 0.364815
0 0.163542 0.110648 0.102083 0.219444
0 0.427083 0.136111 0.172917 0.181481
0 0.593229 0.873611 0.230208 0.191667
0 0.267708 0.455093 0.195833 0.284259
0 0.534375 0.268519 0.11875 0.283333
0 0.710417 0.597222 0.188542 0.409259
0 0.27474 0.172222 0.160938 0.301852
0 0.417969 0.331019 0.147396 0.334259
0 0.782292 0.872222 0.197917 0.201852
