0 0.780469 0.131944 0.0973958 0.263889
0 0.390625 0.117593 0.129167 0.235185
0 0.153125 0.765741 0.154167 0.172222
0 0.821615 0.340278 0.159896 0.336111
0 0.121875 0.507407 0.0958333 0.325926
0 0.520833 0.581019 0.2375 0.306481
0 0.5125 0.159722 0.10625 0.312037
0 0.154427 0.209722 0.143229 0.315741
0 0.928125 0.736574 0.139583 0.223148
0 0.916146 0.880556 0.165625 0.174074
0 0.733854 0.880556 0.203125 0.172222
0 0.535677 0.852315 0.225521 0.202778
0 0.459896 0.376389 0.209375 0.25463
0 0.359896 0.69213 0.1875 0.278704
0 0.290885 0.773611 0.193229 0.236111
