0 0.965625 0.272222 0.065625 0.294444
0 0.0924479 0.880556 0.140104 0.164815
0 0.146615 0.599074 0.170312 0.242593
0 0.847917 0.249074 0.1 0.333333
0 0.361458 0.599537 0.166667 0.506481
0 0.54375 0.770833 0.255208 0.419444
0 0.929688 0.515278 0.11875 0.326852
0 0.603125 0.340278 0.190625 0.421296
0 0.640625 0.173611 0.19375 0.334259
0 0.748958 0.752315 0.179167 0.413889
0 0.281771 0.62037 0.157292 0.368519
0 0.765625 0.114815 0.2125 0.183333
0 0.909375 0.250463 0.0833333 0.315741
0 0.871354 0.788889 0.128125 0.414815
0 0.4625 0.20463 0.179167 0.353704
0 0.154948 0.250463 0.130729 0.29537
0 0.73724 0.393056 0.131771 0.352778
0 0.0903646 0.498148 0.113021 0.377778
0 0.460938 0.547685 0.213542 0.312037
0 0.314323 0.189815 0.223438 0.275926
