0 0.371875 0.4625 0.185417 0.293519
0 0.432292 0.371296 0.228125 0.224074
0 0.926562 0.121296 0.084375 0.238889
0 0.111198 0.636574 0.0828125 0.341667
0 0.661979 0.875 0.225 0.17963
0 0.953906 0.614815 0.0921875 0.311111
0 0.228646 0.805093 0.195833 0.163889
0 0.820833 0.294907 0.13125 0.378704
0 0.239323 0.6 0.129688 0.344444
0 0.872656 0.865278 0.185937 0.178704
0 0.139583 0.35463 0.130208 0.292593
0 0.808333 0.678704 0.142708 0.287037
0 0.517187 0.730556 0.133333 0.375926
0 0.669271 0.293056 0.205208 0.284259
