0 0.766146 0.102315 0.0802083 0.20463
0 0.665885 0.0685185 0.182812 0.137037
0 0.141667 0.145833 0.0895833 0.269444
0 0.263542 0.386111 0.160417 0.374074
0 0.895312 0.566667 0.173958 0.255556
0 0.895312 0.87963 0.163542 0.196296
0 0.172656 0.680556 0.183854 0.137037
0 0.200781 0.200926 0.114063 0.316667
0 0.150781 0.79537 0.161979 0.15
0 0.726562 0.908796 0.207292 0.14537
0 0.139844 0.45 0.130729 0.338889
0 0.766667 0.585185 0.191667 0.218519
0 0.407292 0.100463 0.226042 0.200926
0 0.585417 0.666667 0.21875 0.233333
0 0.728906 0.774537 0.206771 0.187963
0 0.808333 0.350926 0.20625 0.261111
0 0.525 0.863426 0.223958 0.199074
0 0.864062 0.205556 0.1875 0.214815
0 0.535937 0.456019 0.242708 0.271296
0 0.385677 0.718056 0.215104 0.226852
0 0.31224 0.830556 0.215104 0.235185
