0 0.635677 0.0537037 0.176563 0.107407
0 0.319531 0.0662037 0.168229 0.123148
0 0.221094 0.13287 0.0755208 0.256481
0 0.169792 0.140278 0.0875 0.271296
0 0.30599 0.178241 0.117188 0.236111
0 0.508594 0.159722 0.0994792 0.319444
0 0.252865 0.806019 0.204688 0.208333
0 0.920313 0.566667 0.136458 0.207407
0 0.905469 0.218981 0.114063 0.350926
0 0.779167 0.170833 0.16875 0.202778
0 0.430469 0.12037 0.144271 0.238889
0 0.140365 0.527315 0.133854 0.328704
0 0.95625 0.372222 0.078125 0.268519
0 0.728646 0.883796 0.234375 0.19537
0 0.414844 0.777778 0.238021 0.248148
0 0.127865 0.255556 0.0859375 0.311111
0 0.870833 0.78287 0.14375 0.321296
0 0.678125 0.293519 0.163542 0.262963
0 0.635938 0.169444 0.203125 0.264815
