0 0.152344 0.759722 0.153646 0.180556
0 0.893229 0.865278 0.134375 0.130556
0 0.945833 0.61713 0.108333 0.225
0 0.121875 0.509259 0.0979167 0.327778
0 0.261979 0.165278 0.182292 0.160185
0 0.654688 0.111111 0.115625 0.222222
0 0.392188 0.110185 0.125 0.22037
0 0.291667 0.777778 0.197917 0.262963
0 0.732813 0.880556 0.205208 0.172222
0 0.80651 0.336574 0.236979 0.321296
0 0.545313 0.161111 0.172917 0.272222
0 0.517969 0.556944 0.270312 0.25463
0 0.145833 0.211111 0.117708 0.318519
0 0.533333 0.852778 0.23125 0.201852
0 0.452344 0.384259 0.216146 0.238889
0 0.935417 0.794444 0.129167 0.155556
0 0.372396 0.666667 0.228125 0.268519
