0 0.932813 0.0814815 0.09375 0.162963
0 0.948438 0.2625 0.0927083 0.29537
0 0.248958 0.491667 0.172917 0.175926
0 0.95 0.556019 0.0958333 0.347222
0 0.589844 0.624537 0.269271 0.197222
0 0.136979 0.588889 0.107292 0.327778
0 0.535156 0.147685 0.104687 0.29537
0 0.269271 0.139815 0.173958 0.27963
0 0.867969 0.505556 0.173438 0.266667
0 0.632031 0.0925926 0.165104 0.185185
0 0.148177 0.301852 0.117188 0.285185
0 0.5625 0.75 0.216667 0.183333
0 0.772656 0.0986111 0.179688 0.197222
0 0.628906 0.878704 0.247396 0.183333
0 0.405729 0.112037 0.173958 0.224074
0 0.628385 0.460185 0.241146 0.257407
0 0.267708 0.610648 0.177083 0.206481
0 0.36901 0.356019 0.220313 0.250926
0 0.285677 0.789352 0.205729 0.249074
