0 0.428906 0.0305556 0.176563 0.0592593
0 0.154167 0.0958333 0.0854167 0.191667
0 0.0979167 0.619444 0.0666667 0.27963
0 0.227344 0.113426 0.124479 0.226852
0 0.825781 0.17037 0.114063 0.335185
0 0.946875 0.611574 0.0833333 0.325
0 0.929167 0.338426 0.125 0.315741
0 0.582031 0.135648 0.0963542 0.271296
0 0.124219 0.309722 0.0942708 0.306481
0 0.759896 0.796296 0.161458 0.351852
0 0.478125 0.736111 0.2 0.42037
0 0.161458 0.610648 0.104167 0.308333
0 0.617708 0.845833 0.23125 0.241667
0 0.889063 0.858796 0.159375 0.186111
0 0.464063 0.137037 0.192708 0.172222
0 0.825 0.488889 0.16875 0.388889
0 0.15599 0.797222 0.171354 0.153704
