0 0.765104 0.0759259 0.090625 0.151852
0 0.114583 0.597222 0.0895833 0.27963
0 0.830469 0.111574 0.0786458 0.223148
0 0.160938 0.109722 0.117708 0.219444
0 0.895833 0.11713 0.08125 0.230556
0 0.164062 0.750926 0.169792 0.194444
0 0.717969 0.493981 0.184896 0.460185
0 0.123438 0.33287 0.1 0.282407
0 0.586979 0.139815 0.221875 0.233333
0 0.349219 0.476389 0.150521 0.406481
0 0.946875 0.481944 0.1 0.373148
0 0.885677 0.85 0.188021 0.216667
0 0.945312 0.159259 0.090625 0.290741
0 0.314323 0.15 0.205729 0.227778
0 0.258333 0.383333 0.136458 0.333333
0 0.193229 0.329167 0.11875 0.315741
0 0.634896 0.802778 0.217708 0.253704
0 0.766146 0.808333 0.201042 0.290741
