0 0.383594 0.0421296 0.103646 0.0842593
0 0.946354 0.826389 0.071875 0.193519
0 0.678385 0.0606481 0.202604 0.113889
0 0.944271 0.691204 0.111458 0.175
0 0.298698 0.0814815 0.103646 0.162963
0 0.956771 0.227315 0.084375 0.315741
0 0.227604 0.1125 0.078125 0.213889
0 0.136458 0.136111 0.06875 0.264815
0 0.547135 0.173611 0.115104 0.325
0 0.261198 0.801852 0.190104 0.196296
0 0.126823 0.797685 0.151562 0.167593
0 0.120052 0.506019 0.115104 0.350926
0 0.332552 0.503704 0.144271 0.392593
0 0.363542 0.162037 0.188542 0.292593
0 0.885938 0.0810185 0.128125 0.162037
0 0.859375 0.795833 0.128125 0.339815
0 0.7875 0.234722 0.158333 0.321296
0 0.463802 0.136111 0.155729 0.235185
0 0.178646 0.152315 0.0770833 0.30463
0 0.429167 0.833796 0.222917 0.241667
0 0.738542 0.844444 0.2125 0.281481
