0 0.964063 0.407407 0.06875 0.312963
0 0.108854 0.498148 0.065625 0.283333
0 0.929688 0.852778 0.109375 0.246296
0 0.147656 0.38287 0.100521 0.206481
0 0.88125 0.372222 0.164583 0.192593
0 0.190365 0.0939815 0.140104 0.187963
0 0.209896 0.455556 0.0979167 0.296296
0 0.189583 0.243981 0.175 0.184259
0 0.130208 0.630093 0.0895833 0.262037
0 0.511198 0.131019 0.0880208 0.262037
0 0.740365 0.2125 0.127604 0.352778
0 0.935938 0.57963 0.0822917 0.281481
0 0.491667 0.877315 0.229167 0.217593
0 0.31276 0.58287 0.156771 0.352778
0 0.875781 0.707407 0.139062 0.2
0 0.823438 0.868056 0.138542 0.210185
0 0.673698 0.855093 0.210938 0.258333
0 0.188542 0.791204 0.175 0.178704
0 0.579948 0.153704 0.0869792 0.307407
0 0.257031 0.703704 0.177604 0.224074
