0 0.952604 0.739815 0.071875 0.3
0 0.947396 0.328704 0.096875 0.374074
0 0.699479 0.189815 0.186458 0.298148
0 0.521615 0.144444 0.0953125 0.288889
0 0.246094 0.780556 0.200521 0.288889
0 0.748958 0.841667 0.179167 0.294444
0 0.840625 0.829167 0.175 0.247222
0 0.7375 0.447222 0.241667 0.244444
0 0.653125 0.103241 0.141667 0.202778
0 0.223438 0.150926 0.151042 0.281481
0 0.3625 0.516204 0.202083 0.378704
0 0.120312 0.663426 0.105208 0.319444
0 0.282031 0.230093 0.172396 0.323148
0 0.563021 0.825 0.221875 0.318519
0 0.884375 0.601852 0.114583 0.377778
0 0.122396 0.368519 0.0989583 0.346296
0 0.367708 0.75 0.236458 0.237037
