0 0.742969 0.788426 0.151562 0.349074
0 0.938021 0.124074 0.090625 0.248148
0 0.952344 0.634259 0.0859375 0.375926
0 0.47474 0.148148 0.0963542 0.296296
0 0.234115 0.715741 0.109896 0.327778
0 0.128646 0.238889 0.102083 0.290741
0 0.414062 0.71713 0.232292 0.271296
0 0.153906 0.77963 0.157813 0.183333
0 0.388021 0.358333 0.133333 0.396296
0 0.166406 0.316204 0.111979 0.325
0 0.639844 0.0976852 0.197396 0.15463
0 0.851302 0.815741 0.147396 0.292593
0 0.65599 0.888889 0.208854 0.218519
0 0.84375 0.360648 0.125 0.399074
0 0.54375 0.287963 0.151042 0.357407
0 0.147656 0.554167 0.154687 0.25463
0 0.680469 0.369907 0.204688 0.356481
0 0.773698 0.166667 0.188021 0.22037
0 0.3875 0.840741 0.245833 0.225926
