0 0.799479 0.037963 0.135417 0.0759259
0 0.939062 0.122222 0.0927083 0.244444
0 0.672917 0.0666667 0.175 0.124074
0 0.950781 0.635185 0.0890625 0.377778
0 0.740625 0.789815 0.1625 0.344444
0 0.233594 0.712037 0.110937 0.322222
0 0.476562 0.149537 0.0958333 0.299074
0 0.155208 0.778241 0.157292 0.182407
0 0.415104 0.716667 0.226042 0.27037
0 0.386719 0.360185 0.138021 0.392593
0 0.129427 0.235648 0.101562 0.291667
0 0.852083 0.814815 0.145833 0.288889
0 0.878125 0.40463 0.139583 0.344444
0 0.551302 0.289815 0.169271 0.368519
0 0.165885 0.31713 0.110937 0.323148
0 0.655469 0.889352 0.208854 0.219444
0 0.150521 0.552778 0.159375 0.257407
0 0.767708 0.169907 0.202083 0.226852
0 0.679167 0.377778 0.220833 0.348148
0 0.386719 0.843056 0.246354 0.230556
