0 0.440885 0.0462963 0.183854 0.0851852
0 0.107292 0.505556 0.0708333 0.281481
0 0.959375 0.401852 0.08125 0.322222
0 0.150521 0.385185 0.102083 0.216667
0 0.185937 0.235185 0.163542 0.211111
0 0.914844 0.869907 0.123438 0.143519
0 0.639583 0.0828704 0.1875 0.165741
0 0.860417 0.584722 0.1625 0.163889
0 0.209896 0.456019 0.0927083 0.299074
0 0.736719 0.238889 0.126563 0.374074
0 0.961979 0.673148 0.0760417 0.338889
0 0.740365 0.703704 0.217187 0.183333
0 0.13125 0.632407 0.0854167 0.275926
0 0.492969 0.881019 0.235938 0.225
0 0.316927 0.58287 0.169271 0.347222
0 0.673437 0.872685 0.207292 0.215741
0 0.253646 0.702778 0.170833 0.214815
0 0.188021 0.792593 0.171875 0.166667
