0 0.655208 0.0578704 0.1 0.115741
0 0.247135 0.49213 0.179688 0.167593
0 0.511719 0.142593 0.0942708 0.285185
0 0.291146 0.0699074 0.185417 0.139815
0 0.9375 0.635648 0.122917 0.180556
0 0.949219 0.261111 0.0953125 0.296296
0 0.645573 0.415278 0.267188 0.25463
0 0.115104 0.606944 0.109375 0.347222
0 0.26849 0.793981 0.173438 0.228704
0 0.605469 0.124074 0.129688 0.248148
0 0.566146 0.754167 0.228125 0.217593
0 0.871875 0.498611 0.170833 0.25463
0 0.152865 0.301852 0.126563 0.312963
0 0.272917 0.175 0.153125 0.235185
0 0.263802 0.605556 0.193229 0.211111
0 0.4 0.806019 0.195833 0.308333
0 0.885938 0.838426 0.184375 0.193519
0 0.385417 0.147685 0.191667 0.29537
0 0.591667 0.609259 0.265625 0.188889
0 0.374219 0.359722 0.220313 0.247222
