0 0.895312 0.0865741 0.0885417 0.173148
0 0.16276 0.087037 0.105729 0.174074
0 0.146875 0.681944 0.158333 0.267593
0 0.917188 0.771296 0.109375 0.32037
0 0.39375 0.200463 0.140625 0.369444
0 0.595052 0.863889 0.219271 0.17037
0 0.952344 0.481481 0.0953125 0.335185
0 0.257812 0.206944 0.173958 0.313889
0 0.745573 0.7125 0.199479 0.223148
0 0.703646 0.574074 0.196875 0.244444
0 0.277604 0.409722 0.166667 0.30463
0 0.419271 0.731481 0.127083 0.388889
0 0.879687 0.636111 0.14375 0.368519
0 0.534896 0.371296 0.194792 0.383333
0 0.552344 0.655556 0.167187 0.359259
0 0.368229 0.519444 0.178125 0.25
