0 0.648438 0.0666667 0.0864583 0.133333
0 0.779948 0.0523148 0.174479 0.10463
0 0.221615 0.0726852 0.144271 0.139815
0 0.939062 0.118981 0.0885417 0.237963
0 0.232812 0.725926 0.104167 0.32963
0 0.154427 0.781018 0.152604 0.180556
0 0.885938 0.374074 0.121875 0.416667
0 0.944271 0.645833 0.096875 0.375
0 0.849219 0.811111 0.149479 0.294444
0 0.457031 0.160185 0.0984375 0.32037
0 0.386719 0.840741 0.252604 0.194444
0 0.130729 0.241667 0.105208 0.296296
0 0.545313 0.289352 0.165625 0.376852
0 0.409375 0.729167 0.221875 0.24537
0 0.764063 0.168981 0.207292 0.225
0 0.728646 0.790278 0.170833 0.336111
0 0.166406 0.319907 0.110937 0.328704
0 0.475 0.595833 0.159375 0.358333
0 0.38125 0.362963 0.135417 0.375926
0 0.150521 0.556481 0.160417 0.272222
0 0.680469 0.358333 0.206771 0.388889
