0 0.9 0.71713 0.152083 0.176852
0 0.964583 0.597685 0.0708333 0.300926
0 0.91875 0.827778 0.133333 0.111111
0 0.154427 0.760648 0.154687 0.180556
0 0.393229 0.111111 0.125 0.222222
0 0.261719 0.166204 0.184896 0.160185
0 0.121875 0.506944 0.0958333 0.328704
0 0.732813 0.878241 0.20625 0.175
0 0.144792 0.209259 0.116667 0.311111
0 0.515885 0.552778 0.248437 0.224074
0 0.59349 0.206481 0.233854 0.194444
0 0.807813 0.336111 0.234375 0.318519
0 0.285156 0.746296 0.196354 0.192593
0 0.373958 0.670833 0.221875 0.286111
0 0.533594 0.851389 0.228646 0.206481
0 0.451562 0.381944 0.2125 0.241667
