0 0.443229 0.85 0.146875 0.157407
0 0.304688 0.240741 0.196875 0.162963
0 0.342187 0.760185 0.119792 0.35
0 0.941406 0.394444 0.107813 0.327778
0 0.917188 0.126852 0.0989583 0.253704
0 0.76224 0.772685 0.0911458 0.408333
0 0.246615 0.351389 0.178646 0.237963
0 0.617969 0.92037 0.200521 0.122222
0 0.10651 0.675926 0.120312 0.290741
0 0.723177 0.21713 0.180729 0.249074
0 0.610156 0.126852 0.117188 0.242593
0 0.638021 0.812037 0.205208 0.166667
0 0.364062 0.114352 0.0927083 0.228704
0 0.379948 0.431944 0.175521 0.337963
0 0.214323 0.77037 0.174479 0.211111
0 0.865885 0.797222 0.158854 0.203704
0 0.471354 0.116204 0.167708 0.226852
