0 0.225 0.0412037 0.090625 0.0824074
0 0.958594 0.12963 0.0703125 0.25
0 0.44974 0.0824074 0.202604 0.162963
0 0.847396 0.768056 0.195833 0.265741
0 0.909375 0.0856481 0.0875 0.171296
0 0.111979 0.58287 0.090625 0.337963
0 0.149219 0.147222 0.111979 0.277778
0 0.16276 0.787037 0.177604 0.188889
0 0.28099 0.319444 0.209896 0.237037
0 0.521875 0.229167 0.261458 0.236111
0 0.917969 0.334722 0.157813 0.247222
0 0.278385 0.153241 0.156771 0.243519
0 0.896875 0.885648 0.175 0.186111
0 0.145573 0.422222 0.138021 0.3
0 0.801562 0.291204 0.138542 0.400926
0 0.694271 0.682407 0.190625 0.333333
0 0.295312 0.798611 0.155208 0.24537
0 0.691406 0.887963 0.220313 0.190741
0 0.540104 0.87037 0.2 0.251852
0 0.390104 0.722685 0.136458 0.384259
