0 0.436719 0.049537 0.197396 0.0990741
0 0.763802 0.075463 0.0848958 0.150926
0 0.115885 0.601389 0.0984375 0.300926
0 0.832812 0.106481 0.0802083 0.211111
0 0.123177 0.334259 0.100521 0.283333
0 0.257552 0.386111 0.136979 0.333333
0 0.716927 0.49213 0.186979 0.456481
0 0.156771 0.108333 0.117708 0.216667
0 0.947917 0.47963 0.1 0.366667
0 0.89375 0.127778 0.0791667 0.255556
0 0.347656 0.475 0.146354 0.412963
0 0.163542 0.75 0.172917 0.196296
0 0.885156 0.858333 0.182812 0.198148
0 0.947656 0.158796 0.0890625 0.317593
0 0.192969 0.328704 0.120312 0.314815
0 0.589323 0.113889 0.219271 0.216667
0 0.318229 0.153241 0.195833 0.208333
0 0.635156 0.802315 0.220313 0.24537
0 0.765625 0.807407 0.202083 0.288889
