0 0.647917 0.0662037 0.0875 0.132407
0 0.780729 0.0532407 0.173958 0.106481
0 0.221354 0.0717593 0.142708 0.139815
0 0.232812 0.726389 0.104167 0.328704
0 0.945312 0.642593 0.09375 0.374074
0 0.939844 0.117593 0.0921875 0.235185
0 0.153125 0.784722 0.15625 0.171296
0 0.8875 0.374537 0.121875 0.415741
0 0.130469 0.239815 0.104687 0.292593
0 0.457812 0.160185 0.0989583 0.32037
0 0.544792 0.289815 0.165625 0.377778
0 0.849479 0.815278 0.153125 0.289815
0 0.409375 0.729167 0.221875 0.243519
0 0.386719 0.838426 0.249479 0.19537
0 0.15 0.558333 0.159375 0.272222
0 0.166146 0.319907 0.111458 0.328704
0 0.761458 0.173148 0.2125 0.222222
0 0.382552 0.363889 0.132812 0.377778
0 0.730208 0.790278 0.170833 0.339815
0 0.475 0.596759 0.161458 0.358333
0 0.681771 0.359259 0.205208 0.385185
