0 0.627865 0.0694444 0.0953125 0.138889
0 0.773958 0.0824074 0.120833 0.164815
0 0.929688 0.119444 0.0739583 0.203704
0 0.23125 0.758796 0.177083 0.334259
0 0.120833 0.667593 0.10625 0.257407
0 0.372135 0.116667 0.109896 0.233333
0 0.946094 0.701852 0.0921875 0.285185
0 0.885938 0.876852 0.1875 0.188889
0 0.139062 0.268981 0.125 0.349074
0 0.142188 0.493519 0.151042 0.244444
0 0.663802 0.889352 0.224479 0.162037
0 0.504167 0.154167 0.122917 0.308333
0 0.424479 0.82963 0.2375 0.233333
0 0.591667 0.478241 0.147917 0.397222
0 0.673698 0.346296 0.107813 0.398148
0 0.3125 0.62963 0.175 0.322222
0 0.711979 0.737963 0.222917 0.183333
0 0.790365 0.622222 0.184896 0.266667
0 0.814323 0.431481 0.204688 0.266667
