0 0.513021 0.143519 0.090625 0.287037
0 0.934896 0.306481 0.096875 0.301852
0 0.15625 0.756944 0.191667 0.226852
0 0.948438 0.521296 0.09375 0.353704
0 0.589583 0.823148 0.20625 0.275926
0 0.153646 0.281019 0.090625 0.271296
0 0.157813 0.566667 0.101042 0.322222
0 0.453646 0.780556 0.105208 0.377778
0 0.247396 0.431944 0.122917 0.376852
0 0.701042 0.489815 0.216667 0.325926
0 0.198437 0.153241 0.096875 0.265741
0 0.834375 0.294907 0.1125 0.373148
0 0.689062 0.888889 0.207292 0.192593
0 0.629427 0.134722 0.167187 0.269444
0 0.870573 0.879167 0.198437 0.186111
0 0.814062 0.578241 0.20625 0.208333
0 0.77526 0.71713 0.203646 0.206481
