0 0.663021 0.0449074 0.184375 0.087963
0 0.224219 0.0425926 0.0911458 0.0851852
0 0.95 0.129167 0.0791667 0.258333
0 0.442708 0.0537037 0.215625 0.105556
0 0.90625 0.0851852 0.09375 0.17037
0 0.15026 0.147685 0.105729 0.280556
0 0.11224 0.58287 0.0932292 0.339815
0 0.277344 0.300463 0.213021 0.234259
0 0.916146 0.335185 0.159375 0.248148
0 0.540104 0.150463 0.242708 0.184259
0 0.16276 0.788889 0.175521 0.188889
0 0.896875 0.880556 0.171875 0.187037
0 0.703646 0.910185 0.217708 0.17963
0 0.847917 0.759259 0.2125 0.240741
0 0.144271 0.423148 0.128125 0.303704
0 0.265625 0.153241 0.133333 0.258333
0 0.538542 0.866667 0.2 0.248148
0 0.388021 0.727778 0.134375 0.396296
0 0.294792 0.794444 0.158333 0.238889
0 0.803125 0.291667 0.1375 0.4
0 0.697396 0.697685 0.211458 0.35463
