0 0.788281 0.0555556 0.169271 0.105556
0 0.110937 0.501852 0.0739583 0.3
0 0.132552 0.656944 0.0723958 0.319444
0 0.921875 0.784259 0.115625 0.305556
0 0.155469 0.371759 0.116146 0.206481
0 0.745313 0.240741 0.125 0.375926
0 0.188542 0.252778 0.173958 0.198148
0 0.95625 0.422685 0.084375 0.326852
0 0.503906 0.878704 0.220313 0.211111
0 0.561719 0.188426 0.129688 0.289815
0 0.315104 0.581019 0.172917 0.334259
0 0.320052 0.834259 0.191146 0.177778
0 0.180729 0.528704 0.114583 0.283333
0 0.679688 0.876852 0.201042 0.212963
0 0.259115 0.708333 0.172396 0.2
